0,278
86,4
86,3
86,2
86,1
86,0
85,3
85,2
85,1
85,0
82,69
82,68
82,67
82,66
82,65
82,64
84,3
84,2
84,1
84,0
83,3
83,2
0,9
83,1
83,0
82,63
82,62
82,61
82,60
82,59
82,58
82,57
82,56
82,55
82,54
82,53
82,52
82,51
82,50
82,49
82,48
82,47
82,46
82,45
82,44
82,43
82,42
82,41
82,40
82,39
82,38
82,37
82,36
82,35
3,2
3,1
3,3
10,312
10,30
10,112
10,90
10,206
10,232
10,76
11,21
9,7
9,6
9,1
9,4
9,2
9,3
8,17
8,7
8,8
8,12
8,11
8,10
8,2
8,3
71,4
71,3
71,2
71,1
71,0
63,4
63,3
63,2
63,1
63,0
61,3
61,2
61,1
61,0
56,4
56,3
56,2
56,1
56,0
12,3
12,2
12,1
11,30
11,29
11,28
11,27
11,26
11,25
11,24
11,23
11,22
11,20
11,19
11,18
11,17
11,16
11,15
20,2
20,1
11,14
11,13
11,12
11,11
11,10
11,9
11,8
11,7
11,6
